Classification Report for 3 Layer MLP with ReLU activation and 128 Nodes:
              precision    recall  f1-score   support

           0       0.94      1.00      0.97        16
           1       0.78      0.67      0.72        21
           2       0.42      0.52      0.47        21
           3       0.85      0.81      0.83        21
           4       0.75      0.50      0.60        24
           5       0.94      0.94      0.94        16
           6       0.41      0.35      0.38        20
           7       0.81      0.81      0.81        16
           8       0.70      0.32      0.44        22
           9       0.71      0.60      0.65        20
          10       1.00      1.00      1.00        21
          11       0.75      0.41      0.53        22
          12       0.45      0.59      0.51        17
          13       0.67      0.71      0.69        14
          14       0.54      0.83      0.65        18
          15       1.00      0.96      0.98        26
          16       0.58      0.81      0.68        26
          17       0.89      0.85      0.87        20
          18       0.38      0.71      0.49        17
          19       0.50      0.36      0.42        25
          20       0.63      0.71      0.67        17

    accuracy                           0.68       420
   macro avg       0.70      0.69      0.68       420
weighted avg       0.70      0.68      0.68       420