Classification Report for Raw 72 * 72 Rescaled Images:
              precision    recall  f1-score   support

           0       0.24      0.82      0.37        22
           1       0.18      0.10      0.12        21
           2       0.22      0.30      0.26        20
           3       0.30      0.91      0.45        23
           4       0.22      0.17      0.20        23
           5       0.00      0.00      0.00        15
           6       0.00      0.00      0.00        20
           7       0.36      0.86      0.51        14
           8       0.29      0.26      0.27        27
           9       0.17      0.06      0.08        18
          10       0.21      0.18      0.19        17
          11       0.00      0.00      0.00        16
          12       0.11      0.11      0.11        18
          13       0.10      0.15      0.12        20
          14       0.00      0.00      0.00        18
          15       0.23      0.12      0.16        24
          16       0.12      0.12      0.12        26
          17       0.08      0.17      0.11        18
          18       0.00      0.00      0.00        17
          19       0.00      0.00      0.00        26
          20       0.00      0.00      0.00        17

    accuracy                           0.21       420
   macro avg       0.14      0.21      0.15       420
weighted avg       0.14      0.21      0.15       420