Classification Report for Raw 72 * 72 Rescaled Images with ReLU and Sigmoid:
              precision    recall  f1-score   support

           0       0.18      0.14      0.15        22
           1       0.29      0.10      0.14        21
           2       0.36      0.20      0.26        20
           3       0.25      0.87      0.39        23
           4       0.26      0.26      0.26        23
           5       0.16      0.53      0.24        15
           6       0.13      0.10      0.11        20
           7       0.58      0.79      0.67        14
           8       0.36      0.48      0.41        27
           9       0.25      0.06      0.09        18
          10       0.60      0.35      0.44        17
          11       0.00      0.00      0.00        16
          12       0.20      0.11      0.14        18
          13       0.22      0.10      0.14        20
          14       0.07      0.22      0.11        18
          15       0.12      0.04      0.06        24
          16       0.38      0.31      0.34        26
          17       0.24      0.28      0.26        18
          18       0.00      0.00      0.00        17
          19       0.00      0.00      0.00        26
          20       0.36      0.29      0.32        17

    accuracy                           0.25       420
   macro avg       0.24      0.25      0.22       420
weighted avg       0.24      0.25      0.21       420
